983	2
1456	3
2803	2
1579	3
516	2
2512	1
2553	1
1029	1
2463	2
2704	2
2204	2
2758	1
786	1
2301	1
2846	1
496	5
1882	2
685	4
2851	3
1275	2
1507	4
1923	3
2757	1
1701	1
1855	1
2461	1
1977	1
940	2
2657	1
1796	2
342	3
2421	3
2289	1
2198	3
1695	1
979	1
2326	1
1432	3
1833	3
2288	3
1458	4
2554	1
240	3
1886	1
49	2
375	2
1950	1
825	65
2639	1
2009	2
1736	1
289	1
483	4
2763	2
1864	1
295	1
1077	1
615	3
1330	1
1283	1
986	1
2174	2
2747	1
2207	1
190	2
2248	1
2383	1
639	3
2359	2
1682	2
2717	1
2603	67
997	1
2178	2
2116	1
344	1
2852	4
1846	1
1972	2
683	2
1031	2
1298	2
1300	2
2648	1
2606	1
1051	1
220	1
515	1
2585	2
758	2
2403	1
313	1
509	1
726	1
2733	1
1115	2
862	1
1457	2
570	2
1922	1
781	2
2333	1
1779	1
1107	2
224	2
2739	2
165	2
1363	2
1744	1
186	1
2155	3
1822	2
2206	1
2443	2
1099	2
378	3
397	2
2225	1
1204	1
1613	1
1754	2
2004	3
1799	2
2399	3
306	2
627	3
2316	1
686	2
17	2
632	2
1231	1
380	4
2480	2
424	2
1279	2
2054	2
1759	2
1340	1
1615	1
1341	4
2250	2
1501	1
2061	1
1778	1
1471	1
117	2
1628	1
1789	3
2176	2
898	1
1887	3
1988	1
769	1
1791	2
2193	1
2242	3
1654	2
2041	2
2021	2
2077	3
2255	3
702	1
1153	2
1441	2
1260	4
2244	1
184	1
2536	1
1024	2
2251	1
2713	1
416	1
1717	2
10	3
11	3
18	1
59	1
82	3
121	1
134	2
154	2
201	2
264	5
278	1
279	1
305	1
338	2
340	1
356	1
379	1
382	3
433	1
500	2
505	1
506	2
508	3
556	2
567	1
587	3
616	1
618	1
628	1
693	1
736	1
737	1
787	1
804	1
817	4
821	4
842	1
857	1
872	3
879	2
910	4
942	2
946	2
951	2
956	1
965	2
975	1
989	1
1010	3
1022	2
1038	1
1059	2
1063	1
1073	1
1129	1
1175	2
1239	1
1268	2
1367	1
1400	3
1402	1
1466	1
1496	2
1536	4
1542	2
1547	1
1566	2
1590	1
1616	1
1675	1
1683	2
1764	1
1819	1
1837	2
1854	2
1857	3
1883	2
1900	4
1904	1
1921	1
1938	1
1947	2
2013	1
2110	1
2188	3
2197	1
2199	3
2205	1
2247	3
2252	2
2260	2
2271	2
2293	1
2315	2
2334	1
2343	1
2353	1
2361	1
2375	1
2394	3
2444	1
2460	2
2469	3
2493	2
2497	2
2515	1
2527	3
2533	1
2583	2
2604	2
2610	1
2622	4
2629	2
2633	1
2640	2
2641	3
2644	1
2645	1
2667	1
2680	2
2686	2
2689	2
2709	1
2720	1
2721	2
2734	1
2735	4
2740	1
2744	2
2771	2
2776	2
2798	1
2813	2
2843	2
2312	2
1644	3
96	2
325	2
2791	1
947	2
1984	1
1818	1
1371	2
1317	3
580	2
1111	2
2830	1
2496	2
2453	1
244	2
2751	2
2697	1
2076	1
1282	1
835	2
1320	1
393	1
1741	3
1889	1
1226	3
147	3
335	2
1483	4
512	1
2378	2
1016	2
1044	1
1253	1
1104	1
2208	3
1106	3
438	2
2229	2
1119	1
798	1
130	2
1499	3
579	2
2146	2
2226	1
1508	1
80	4
2863	1
1430	2
824	1
2678	2
1898	1
2651	2
1319	1
2786	3
1929	2
223	1
2228	1
1506	3
332	1
2409	1
2730	3
308	2
24	2
2133	1
562	1
13	2
1339	1
2827	1
1493	2
1823	1
1945	4
2547	2
521	2
1326	3
1476	1
2028	1
1359	2
2859	2
2281	2
2611	4
763	1
2600	1
2144	2
1324	1
2605	1
2486	2
1523	3
543	1
1607	4
1748	1
1277	2
1281	2
1621	1
1531	2
2531	1
1767	3
167	1
646	2
2330	2
2182	1
728	1
805	2
1906	1
815	2
801	2
518	1
440	1
439	1
1166	1
399	1
2492	2
656	19
938	1
626	2
2728	1
212	5
1812	4
566	2
622	4
1587	2
1168	4
1627	1
2646	1
674	2
1171	1
448	2
1464	1
1931	3
1105	2
1385	2
2024	2
2053	2
12	1
1647	1
848	3
398	1
132	2
1743	4
1198	1
904	2
1637	3
330	2
563	10
661	1
856	2
799	2
665	3
1433	1
1526	2
1461	1
1925	2
1932	1
2393	2
664	2
866	4
1135	1
924	3
1828	1
495	3
2323	3
657	6
1678	2
2722	3
2616	1
238	1
1349	3
1961	3
1709	1
2091	2
2310	3
1573	2
912	3
355	2
1381	3
2643	2
1577	2
2128	1
1185	2
29	1
2613	3
1722	1
2299	3
40	3
816	2
68	2
1694	1
2855	1
774	2
931	1
2034	1
376	1
1592	3
1297	1
1994	1
845	3
2878	1
544	3
1276	2
2764	3
2035	1
1539	2
1908	1
2668	2
369	3
281	1
2712	2
2506	2
2538	1
1174	1
219	2
1431	1
350	1
311	3
2274	1
2211	3
2446	3
783	2
1364	1
542	2
53	2
459	1
1813	1
1524	1
909	5
410	2
1113	1
435	1
1343	3
2619	1
1586	2
860	1
2779	1
2386	2
936	2
158	2
1442	2
2560	1
819	1
1766	1
2027	2
922	3
1415	1
2556	1
676	2
1809	1
1558	1
2165	1
47	1
123	1
394	1
1049	1
987	1
1832	1
560	1
980	1
1848	1
1302	1
2647	1
2516	2
2130	2
2294	1
982	1
1170	4
2277	2
2066	1
1856	2
1384	4
1987	3
200	1
2820	2
888	1
630	1
1718	3
2752	1
464	2
229	1
1148	1
2356	2
1017	1
1332	1
1845	3
1980	2
37	1
546	3
1817	1
1576	1
2623	1
1361	1
1676	2
2581	2
592	1
327	1
792	1
553	2
636	3
2811	1
1037	3
517	1
310	2
1892	3
2127	1
155	1
2428	1
55	1
2454	1
137	1
2761	2
882	3
1742	1
2448	2
655	3
1714	1
337	4
919	2
768	2
421	1
1772	3
529	4
1664	3
242	2
339	1
1007	1
697	2
2019	1
2707	1
336	1
389	1
694	2
1057	1
2594	1
1469	2
730	1
1838	1
677	2
1286	2
1782	1
206	1
1498	4
1003	1
742	2
1150	1
652	2
1423	2
1406	1
903	1
2627	1
2162	1
1594	3
1274	2
318	2
1596	2
2030	1
1750	2
834	2
1178	2
1727	1
2119	2
2134	1
178	2
2636	1
20	2
2357	1
2046	2
1966	1
1407	3
2817	1
1559	1
2099	2
331	1
1965	2
363	1
865	1
839	1
875	1
1777	1
1630	2
934	2
1173	2
349	2
631	1
1459	1
1505	1
2094	1
2511	1
1807	1
1721	1
855	1
2103	1
1032	1
2445	2
2331	1
1936	1
2338	3
2736	1
961	1
2092	1
663	2
1881	2
1267	1
2311	1
1140	2
837	1
1960	1
531	1
1513	3
2376	1
91	1
988	1
1155	1
666	3
2129	2
746	2
953	1
1391	2
952	1
1993	1
2352	2
662	1
1661	1
962	1
1472	1
2381	1
2141	1
575	1
2295	1
468	1
738	2
390	1
312	2
841	2
727	2
2576	1
2794	1
2355	3
2305	3
526	2
932	1
1015	1
1941	1
105	2
360	1
127	1
1662	2
2235	1
2365	1
294	5
1565	1
669	1
914	1
1004	1
1247	3
2017	1
2655	1
2812	1
2696	1
2089	1
602	2
2835	1
551	2
2422	2
589	2
1315	1
1551	1
2088	2
1443	2
1917	4
1930	2
2433	1
1550	1
2681	4
1427	1
1935	1
48	1
2870	2
1537	1
218	2
2542	1
2200	1
498	3
1366	2
1146	1
634	3
2075	1
176	1
2222	5
368	1
299	1
1830	1
1421	1
1642	1
2754	1
4	1
2058	1
1136	1
886	2
2043	1
2607	2
2243	1
377	1
795	1
2160	1
1826	1
1220	2
794	3
2003	1
1979	2
1064	3
1632	2
329	1
1656	1
122	1
2318	1
2566	2
1686	1
2814	1
731	1
2044	2
2276	1
2456	3
2552	1
326	2
2221	3
2212	2
409	3
1562	1
1295	2
1372	1
1608	1
1410	3
550	2
210	3
150	2
2347	1
1969	1
745	1
818	2
191	2
2484	1
998	2
75	3
637	1
1055	1
216	1
2795	1
2483	2
1233	1
2049	1
2074	1
2799	1
884	1
2869	1
2509	1
2268	1
2335	1
2164	1
192	1
2102	2
901	3
2715	1
2380	2
1262	1
407	1
712	1
1724	1
653	1
2828	1
402	2
1933	1
2217	1
1604	1
87	1
1918	1
1243	1
1602	1
443	1
1264	1
237	1
1271	3
2390	1
1254	1
2307	2
572	3
894	1
970	4
869	3
1030	4
1067	2
1165	1
1913	1
1934	1
1951	1
187	4
296	2
696	3
2802	1
2700	1
1868	1
534	2
1502	2
691	2
1365	1
274	1
129	1
430	1
1636	1
1504	1
1620	3
533	1
2214	1
525	1
757	2
2528	1
2586	1
605	1
788	1
715	1
1050	1
52	2
1619	1
1958	1
760	1
1011	1
489	1
2245	1
93	2
106	2
759	3
370	1
583	3
2549	1
1362	1
1871	1
522	1
2104	1
964	3
2562	1
2637	3
2530	1
1058	2
1256	1
673	3
823	1
867	1
345	1
1905	2
488	1
793	2
1556	1
568	2
437	1
2551	2
2653	1
2348	1
1629	1
1145	2
1862	1
1978	2
1800	1
275	2
1070	1
149	1
1949	1
2328	1
1811	1
688	3
523	1
554	1
1321	2
1370	1
2002	2
2513	1
2521	1
2374	1
689	2
2005	1
2517	3
1097	2
2136	2
1963	2
2400	2
735	1
1894	1
874	2
504	1
887	2
2391	4
2350	1
85	2
1075	1
1737	2
226	1
2804	1
2275	1
113	1
315	1
1356	3
684	2
1651	2
2505	1
1635	1
1449	3
2189	1
50	1
1041	1
2601	1
1926	2
601	1
707	2
460	1
552	2
2419	1
850	2
1803	2
2167	1
2726	3
2801	1
1725	1
1575	2
1380	1
1873	2
617	2
1309	1
1338	2
324	2
2140	2
114	2
351	1
2124	1
2498	3
228	1
485	1
1313	2
590	2
635	2
2147	2
2320	1
1896	1
1728	1
511	1
2537	1
1967	1
1475	1
284	1
1479	1
2563	1
2219	1
2482	1
266	1
287	1
701	1
1217	1
2291	1
232	2
256	2
291	1
1738	1
2227	1
1609	2
1002	1
1825	2
185	1
789	1
2620	1
2792	2
92	2
455	1
1529	2
782	1
849	1
2831	1
2574	1
1634	2
777	1
2860	1
1053	2
690	1
1878	3
1595	1
234	1
1783	1
2856	2
1167	2
2215	1
259	3
1291	1
2481	1
1540	1
196	2
2524	1
1751	2
1589	1
1521	1
2354	1
2844	2
1023	1
31	2
1708	2
2529	1
478	2
481	3
594	2
629	1
1034	1
1156	1
1261	1
1312	1
1399	3
1413	2
1477	1
1486	3
1490	1
1494	2
1804	1
2008	1
2302	1
2508	1
2543	2
2591	2
2703	1
2879	1
1623	1
286	1
1910	1
1982	2
348	1
1685	1
1549	1
2038	1
724	1
1126	1
640	1
2626	1
1995	1
1955	1
785	1
1774	1
2407	1
1588	1
71	1
1485	1
1323	1
60	1
2787	1
732	3
939	2
1240	1
263	1
95	1
606	1
2431	1
353	1
1305	2
1753	2
1680	3
341	1
1810	1
140	2
1020	1
2691	1
292	1
2660	3
1376	1
2185	1
419	1
1633	1
463	1
752	1
2634	1
476	1
1771	1
1798	1
2762	1
245	2
452	2
749	1
1299	1
1927	1
1578	1
530	1
267	1
2063	1
2845	1
2370	2
2609	2
2040	1
2571	2
2191	1
2602	1
959	1
1569	1
2404	2
1335	1
160	2
2692	1
1985	1
1548	3
361	1
412	1
561	1
1180	1
1183	2
1188	1
1257	1
1290	1
1310	1
1342	1
1424	2
1491	1
1520	1
1560	2
1574	1
1677	2
1698	1
1720	1
1790	1
1814	1
1879	2
1999	1
2363	1
2546	1
2612	1
2671	1
2729	2
2732	2
2842	1
633	1
2172	1
761	1
711	3
1089	1
1666	1
2694	1
2706	1
1411	1
1787	2
2287	1
1888	1
1880	2
1060	1
2582	2
870	1
170	2
2435	1
1408	1
2080	1
1658	2
2573	1
2025	1
2510	2
118	1
262	2
89	1
57	1
1836	1
2727	3
1386	1
1351	1
1702	1
2106	1
1195	1
2598	1
386	1
432	2
470	1
619	2
740	1
960	1
1184	1
1497	1
1667	1
1964	1
2262	2
2308	2
2490	1
2659	1
2682	2
2770	1
585	1
1229	1
2283	2
1199	1
1387	1
1249	1
1265	1
2152	1
796	1
2818	2
1164	2
1974	1
2290	1
1869	1
1597	1
2596	1
2296	1
729	1
889	1
2278	1
2705	2
1740	2
1419	2
1131	1
915	1
928	1
64	1
239	1
2153	1
2438	2
1211	1
2398	1
1095	2
1006	1
2719	2
1352	1
1235	1
1065	1
2642	1
298	1
1344	1
1763	1
471	1
672	1
427	1
941	1
2688	1
1622	1
1861	1
1203	1
776	1
1541	1
2587	1
955	1
830	2
2451	1
1618	1
1981	1
2471	1
429	1
1639	2
333	1
2286	1
2396	1
2873	1
2725	3
699	1
2031	1
1393	1
1525	1
680	1
1102	1
501	1
1734	1
2280	2
1924	1
164	1
423	1
1306	1
1436	1
507	1
2535	1
973	1
2836	1
499	2
2663	1
654	1
559	1
2366	1
597	3
479	1
624	1
620	1
1132	1
2467	1
2557	1
2464	1
1640	1
540	1
2196	1
949	1
2425	1
101	1
1990	1
2269	1
6	1
892	1
2406	1
474	1
248	1
2123	2
812	1
1527	2
88	1
2218	1
2023	1
1671	1
2595	1
558	3
1601	1
750	1
847	1
1072	1
1373	1
675	1
2306	1
2051	1
2442	1
1563	1
604	1
1599	1
1914	1
2710	1
103	1
1912	1
1176	1
180	1
2800	1
581	1
2502	1
272	1
2849	1
1316	1
1975	1
153	1
2455	1
388	1
1885	1
1669	1
2666	1
687	1
451	1
2069	1
1707	1
1649	1
943	1
1568	1
1858	2
1911	1
2346	1
1849	1
487	2
2793	1
135	1
1867	1
2339	1
2432	2
469	1
1334	1
1190	1
1147	1
400	2
246	1
2555	1
2588	1
19	1
1337	1
2489	1
1788	1
744	1
2664	1
2861	1
2701	1
2047	1
1266	1
1538	1
1899	1
2213	1
115	1
252	1
2068	1
1716	1
1561	1
1143	1
1096	1
1646	2
352	1
739	1
638	1
367	1
1454	1
1159	1
2654	1
2544	1
1792	1
2597	1
1584	1
1043	1
1571	1
2441	1
1200	2
428	1
2621	1
2579	1
1484	1
2810	2
1151	1
2014	1
930	1
966	1
2742	1
695	1
1327	1
863	1
503	1
2192	1
1841	1
1773	1
1769	1
828	1
2468	1
297	1
465	1
1425	1
2809	1
1005	1
1014	1
2862	1
927	1
1843	1
1191	1
772	1
1033	1
679	1
2414	1
1238	1
1026	1
1555	1
2541	1
2819	1
1331	1
609	1
2138	1
241	1
1952	1
2523	1
1519	1
647	1
1626	1
995	1
992	1
1215	1
271	1
307	1
1232	1
596	1
41	1
277	1
1755	1
84	2
968	1
623	1
718	1
1056	1
1663	2
820	1
2475	1
1141	1
1749	1
1120	1
1434	1
1090	2
2652	1
725	1
1940	1
1897	1
2584	1
1042	1
2683	1
414	1
1048	1
2466	1
2064	1
3	1
1535	1
996	1
1652	1
2090	1
1973	1
8	1
753	1
1409	1
2514	1
1035	1
2658	1
1467	1
681	1
2417	1
1528	1
1054	1
2057	2
1518	1
1757	1
790	1
403	1
1890	1
2322	1
1036	1
2341	1
2452	1
2473	1
480	1
1920	1
1179	1
2534	1
1986	1
800	1
1223	1
1876	1
1567	1
143	1